time	Variable_CELL_CYTOPLASM_M_MolarConc	Variable_CELL_CYTOPLASM_P0_MolarConc	Variable_CELL_CYTOPLASM_P1_MolarConc	Variable_CELL_CYTOPLASM_P2_MolarConc	Variable_CELL_CYTOPLASM_Pn_MolarConc	
0	3.612000048160553e-01	3.009999990463257e-01	3.009999990463257e-01	3.612000048160553e-01	6.211465597152710e-01	
0.001	3.615404069423676e-01	3.009254336357117e-01	3.009402155876160e-01	3.609816431999207e-01	6.210252046585083e-01	
0.009	3.642609119415283e-01	3.003354668617249e-01	3.004570901393890e-01	3.592515289783478e-01	6.200453639030457e-01	
0.073	3.858580887317657e-01	2.960196733474731e-01	2.963306009769440e-01	3.463788330554962e-01	6.116852164268494e-01	
0.181	4.216045141220093e-01	2.902343869209290e-01	2.887440323829651e-01	3.277779519557953e-01	5.960632562637329e-01	
0.288	4.568555951118469e-01	2.860470116138458e-01	2.808966338634491e-01	3.117859959602356e-01	5.792046785354614e-01	
0.396	4.917600750923157e-01	2.832414805889130e-01	2.731973230838776e-01	2.975400090217590e-01	5.616769194602966e-01	
0.536	5.370510220527649e-01	2.813844680786133e-01	2.637329399585724e-01	2.807332277297974e-01	5.383339524269104e-01	
0.677	5.820467472076416e-01	2.813207209110260e-01	2.551985681056976e-01	2.654664516448975e-01	5.149890780448914e-01	
0.869	6.431083083152771e-01	2.837329804897308e-01	2.452372312545776e-01	2.466233223676682e-01	4.837094545364380e-01	
1.107	7.182857990264893e-01	2.901453077793121e-01	2.356270104646683e-01	2.260916829109192e-01	4.466101527214050e-01	
1.412	8.136355876922607e-01	3.029717504978180e-01	2.274832278490067e-01	2.040619403123856e-01	4.028001427650452e-01	
1.717	9.076628088951111e-01	3.200788497924805e-01	2.235268652439117e-01	1.865474581718445e-01	3.639532029628754e-01	
2.085	1.019062876701355e+00	3.454074859619141e-01	2.235604971647263e-01	1.708894968032837e-01	3.242543637752533e-01	
2.453	1.127715468406677e+00	3.749147355556488e-01	2.280362546443939e-01	1.605290323495865e-01	2.925788164138794e-01	
2.821	1.233436703681946e+00	4.078540802001953e-01	2.361888438463211e-01	1.546829044818878e-01	2.685832083225250e-01	
3.298	1.365887880325317e+00	4.546744227409363e-01	2.511586546897888e-01	1.526631265878677e-01	2.478822022676468e-01	
3.775	1.493554711341858e+00	5.053970217704773e-01	2.700908780097961e-01	1.557315737009048e-01	2.373350411653519e-01	
4.251	1.616692662239075e+00	5.593788027763367e-01	2.921397089958191e-01	1.629160344600677e-01	2.353085130453110e-01	
4.728	1.735539913177490e+00	6.161618232727051e-01	3.166843056678772e-01	1.735088676214218e-01	2.403693199157715e-01	
5.205	1.850258350372314e+00	6.754136085510254e-01	3.432748019695282e-01	1.870052516460419e-01	2.513472735881805e-01	
5.681	1.960900187492371e+00	7.368807196617126e-01	3.715853393077850e-01	2.030482739210129e-01	2.673297524452209e-01	
6.296	2.097445487976074e+00	8.190920352935791e-01	4.102589488029480e-01	2.271016538143158e-01	2.942367196083069e-01	
6.911	2.226541042327881e+00	9.041990041732788e-01	4.510150253772736e-01	2.546048462390900e-01	3.272729516029358e-01	
7.692	2.378284692764282e+00	1.015734434127808e+00	5.053417682647705e-01	2.941430211067200e-01	3.769988715648651e-01	
8.474	2.513250350952148e+00	1.129673957824707e+00	5.619400143623352e-01	3.384353518486023e-01	4.344808161258698e-01	
9.441	2.650418996810913e+00	1.270739316940308e+00	6.340743303298950e-01	3.992205858230591e-01	5.152625441551208e-01	
10.39	2.743704795837402e+00	1.403835058212280e+00	7.055625915527344e-01	4.644336104393005e-01	6.037549972534180e-01	
11.339	2.786110162734985e+00	1.523851990699768e+00	7.755171060562134e-01	5.338351130485535e-01	6.998157501220703e-01	
12.288	2.770231008529663e+00	1.621503949165344e+00	8.411537408828735e-01	6.056256294250488e-01	8.013450503349304e-01	
13.219	2.695533037185669e+00	1.686344981193542e+00	8.982407450675964e-01	6.761581897735596e-01	9.036054015159607e-01	
14.127	2.569478034973145e+00	1.712554574012756e+00	9.436955451965332e-01	7.423481345176697e-01	1.002477049827576e+00	
15.034	2.398155689239502e+00	1.697717785835266e+00	9.760780930519104e-01	8.031612038612366e-01	1.096879482269287e+00	
15.941	2.191640615463257e+00	1.640794157981873e+00	9.926064014434814e-01	8.553982377052307e-01	1.182558774948120e+00	
16.849	1.961351394653320e+00	1.544582128524780e+00	9.909852147102356e-01	8.956115841865540e-01	1.254811644554138e+00	
17.756	1.719171285629272e+00	1.415555477142334e+00	9.697011113166809e-01	9.202262759208679e-01	1.308612227439880e+00	
18.663	1.477181434631348e+00	1.263258218765259e+00	9.284005165100098e-01	9.257647395133972e-01	1.338830232620239e+00	
19.571	1.247801780700684e+00	1.099311590194702e+00	8.683220148086548e-01	9.092505574226379e-01	1.340628027915955e+00	
20.465	1.046768546104431e+00	9.384402036666870e-01	7.938587665557861e-01	8.696245551109314e-01	1.310829639434814e+00	
21.28	8.959760665893555e-01	8.018392920494080e-01	7.169059514999390e-01	8.133527636528015e-01	1.254709362983704e+00	
22.025	7.937596440315247e-01	6.917439699172974e-01	6.432361006736755e-01	7.468660473823547e-01	1.179822087287903e+00	
22.723	7.348875999450684e-01	6.051340103149414e-01	5.749729871749878e-01	6.743672490119934e-01	1.091415643692017e+00	
23.388	7.161021232604980e-01	5.397697687149048e-01	5.137494206428528e-01	5.997814536094666e-01	9.943882822990417e-01	
24.015	7.337044477462769e-01	4.945132136344910e-01	4.617419242858887e-01	5.282529592514038e-01	8.956346511840820e-01	
24.591	7.800763249397278e-01	4.673278629779816e-01	4.204688370227814e-01	4.647961258888245e-01	8.028011918067932e-01	
25.141	8.495389819145203e-01	4.541880786418915e-01	3.879656493663788e-01	4.088979661464691e-01	7.160270810127258e-01	
25.688	9.394422769546509e-01	4.531442224979401e-01	3.630786538124084e-01	3.600247502326965e-01	6.350517272949219e-01	
26.234	1.045467257499695e+00	4.633417129516602e-01	3.459317088127136e-01	3.192577362060547e-01	5.622293949127197e-01	
26.776	1.161401629447937e+00	4.835449457168579e-01	3.365591168403625e-01	2.875692546367645e-01	5.002900362014771e-01	
27.305	1.280653238296509e+00	5.118751525878906e-01	3.343847393989563e-01	2.650099396705627e-01	4.508894383907318e-01	
27.834	1.402422428131104e+00	5.475898981094360e-01	3.385201394557953e-01	2.502481341362000e-01	4.128560125827789e-01	
28.363	1.524270176887512e+00	5.896530747413635e-01	3.482406437397003e-01	2.425018996000290e-01	3.858986496925354e-01	
29.036	1.676784276962280e+00	6.508733630180359e-01	3.674699068069458e-01	2.414082139730453e-01	3.663868010044098e-01	
29.708	1.824629902839661e+00	7.193014621734619e-01	3.930427432060242e-01	2.485640943050385e-01	3.614454567432404e-01	
30.381	1.966328740119934e+00	7.936418056488037e-01	4.237235486507416e-01	2.625857889652252e-01	3.689118325710297e-01	
31.054	2.100586652755737e+00	8.727828860282898e-01	4.585144221782684e-01	2.824115455150604e-01	3.868641555309296e-01	
31.726	2.225966930389404e+00	9.556743502616882e-01	4.966085553169250e-01	3.072435259819031e-01	4.137303233146667e-01	
32.59	2.371047019958496e+00	1.065799236297607e+00	5.492753386497498e-01	3.454971611499786e-01	4.593379795551300e-01	
33.454	2.493755817413330e+00	1.177412748336792e+00	6.049292087554932e-01	3.899417221546173e-01	5.155865550041199e-01	
34.519	2.605604887008667e+00	1.311556220054626e+00	6.756000518798828e-01	4.518131315708160e-01	5.971716642379761e-01	
35.584	2.663039922714233e+00	1.433299183845520e+00	7.456765174865723e-01	5.195676088333130e-01	6.895274519920349e-01	
36.645	2.656857013702393e+00	1.531373381614685e+00	8.112933039665222e-01	5.904127359390259e-01	7.890011668205261e-01	
37.633	2.590781211853027e+00	1.591917991638184e+00	8.650060892105103e-01	6.566547751426697e-01	8.848723769187927e-01	
38.579	2.475423574447632e+00	1.614640116691589e+00	9.063745141029358e-01	7.174410223960876e-01	9.758890271186829e-01	
39.513	2.318029165267944e+00	1.598967790603638e+00	9.345603585243225e-01	7.719752192497253e-01	1.061142206192017e+00	
40.447	2.126913309097290e+00	1.544560790061951e+00	9.474707245826721e-01	8.178004026412964e-01	1.137413620948792e+00	
41.381	1.913168907165527e+00	1.454241991043091e+00	9.430007338523865e-01	8.515097498893738e-01	1.199982762336731e+00	
42.316	1.688700079917908e+00	1.334344744682312e+00	9.199175238609314e-01	8.696710467338562e-01	1.243913412094116e+00	
43.25	1.465876579284668e+00	1.194096565246582e+00	8.782355785369873e-01	8.691090345382690e-01	1.264340639114380e+00	
44.184	1.257535934448242e+00	1.044605135917664e+00	8.196000456809998e-01	8.473694324493408e-01	1.256952643394470e+00	
45.076	1.084383130073547e+00	9.039787054061890e-01	7.510102391242981e-01	8.058532476425171e-01	1.221151590347290e+00	
45.896	9.576776027679443e-01	7.847850322723389e-01	6.810368895530701e-01	7.505277991294861e-01	1.162775278091431e+00	
46.659	8.758620023727417e-01	6.883741617202759e-01	6.140335798263550e-01	6.865945458412170e-01	1.087970018386841e+00	
47.379	8.361248373985291e-01	6.136874556541443e-01	5.525901913642883e-01	6.184304952621460e-01	1.002110958099365e+00	
48.055	8.352723121643066e-01	5.599820613861084e-01	4.992725253105164e-01	5.510836243629456e-01	9.117716550827026e-01	
48.685	8.671963810920715e-01	5.253533720970154e-01	4.555998444557190e-01	4.890164732933044e-01	8.234409093856812e-01	
49.282	9.255350232124329e-01	5.064772963523865e-01	4.208931028842926e-01	4.335917234420776e-01	7.397282123565674e-01	
49.869	1.006407499313354e+00	5.010392069816589e-01	3.941978216171265e-01	3.848938047885895e-01	6.613157391548157e-01	
50.456	1.106095552444458e+00	5.079845786094666e-01	3.754107654094696e-01	3.437068462371826e-01	5.899727940559387e-01	
51.04	1.218581676483154e+00	5.261932015419006e-01	3.647148013114929e-01	3.112686574459076e-01	5.286468267440796e-01	
51.608	1.336306452751160e+00	5.536538362503052e-01	3.616919815540314e-01	2.880826592445374e-01	4.796587824821472e-01	
52.177	1.458010673522949e+00	5.894914865493774e-01	3.654375076293945e-01	2.729339599609375e-01	4.420415163040161e-01	
52.746	1.580724239349365e+00	6.325444579124451e-01	3.752278983592987e-01	2.651572227478027e-01	4.157223403453827e-01	
53.445	1.729689359664917e+00	6.937204599380493e-01	3.943502306938171e-01	2.644787132740021e-01	3.979161381721497e-01	
54.289	1.903763055801392e+00	7.776763439178467e-01	4.260441064834595e-01	2.747011184692383e-01	3.953370451927185e-01	
55.133	2.067995309829712e+00	8.702045083045959e-01	4.651225805282593e-01	2.949128448963165e-01	4.103240370750427e-01	
55.977	2.219155550003052e+00	9.690116047859192e-01	5.098479986190796e-01	3.234010636806488e-01	4.398775696754456e-01	
56.822	2.353538751602173e+00	1.071714043617249e+00	5.587712526321411e-01	3.588687777519226e-01	4.815811216831207e-01	
57.848	2.487710475921631e+00	1.197668433189392e+00	6.219580769538879e-01	4.098429679870605e-01	5.458723902702332e-01	
58.874	2.581013202667236e+00	1.318764686584473e+00	6.869060993194580e-01	4.677727222442627e-01	6.223950982093811e-01	
59.9	2.623988628387451e+00	1.426835298538208e+00	7.507916688919067e-01	5.306898355484009e-01	7.083671689033508e-01	
60.926	2.609548091888428e+00	1.512427091598511e+00	8.103328347206116e-01	5.962275862693787e-01	8.006899952888489e-01	
61.916	2.538926362991333e+00	1.564834237098694e+00	8.602551817893982e-01	6.592928171157837e-01	8.923863768577576e-01	
62.873	2.420794725418091e+00	1.580584406852722e+00	8.981481790542603e-01	7.171221375465393e-01	9.795907735824585e-01	
63.817	2.262906789779663e+00	1.558875322341919e+00	9.226518869400024e-01	7.681971788406372e-01	1.060332775115967e+00	
64.761	2.073592424392700e+00	1.499920248985291e+00	9.317823648452759e-01	8.100314140319824e-01	1.131319165229797e+00	
65.706	1.863990783691406e+00	1.407099008560181e+00	9.236331582069397e-01	8.392402529716492e-01	1.187805414199829e+00	
66.65	1.646082878112793e+00	1.287161231040955e+00	8.972532153129578e-01	8.524926304817200e-01	1.224915862083435e+00	
67.595	1.432380676269531e+00	1.149542450904846e+00	8.530214428901672e-01	8.468373417854309e-01	1.237980484962463e+00	
68.531	1.237414717674255e+00	1.006481409072876e+00	7.935455441474915e-01	8.205226063728333e-01	1.223327279090881e+00	
69.415	1.080879926681519e+00	8.755691647529602e-01	7.266213297843933e-01	7.763680815696716e-01	1.182207226753235e+00	
70.23	9.696760177612305e-01	7.657293081283569e-01	6.594609618186951e-01	7.201809287071228e-01	1.120725631713867e+00	
70.994	9.019523262977600e-01	6.775872111320496e-01	5.957265496253967e-01	6.567022800445557e-01	1.044544339179993e+00	
71.713	8.753904104232788e-01	6.107321381568909e-01	5.382255911827087e-01	5.906118750572205e-01	9.594842791557312e-01	
72.387	8.858882784843445e-01	5.642325878143311e-01	4.892960190773010e-01	5.268392562866211e-01	8.721902370452881e-01	
73.019	9.270413517951965e-01	5.355857610702515e-01	4.496073424816132e-01	4.686319231987000e-01	7.876419425010681e-01	
73.627	9.932423830032349e-01	5.219209790229797e-01	4.184880852699280e-01	4.169953465461731e-01	7.079044580459595e-01	
74.232	1.081503629684448e+00	5.215042233467102e-01	3.951956629753113e-01	3.719695508480072e-01	6.335142254829407e-01	
74.838	1.186958909034729e+00	5.335048437118530e-01	3.800543844699860e-01	3.349601030349731e-01	5.673302412033081e-01	
75.429	1.301327705383301e+00	5.561397671699524e-01	3.731168806552887e-01	3.073133230209351e-01	5.128390192985535e-01	
76.015	1.420980930328369e+00	5.879438519477844e-01	3.735038638114929e-01	2.882725000381470e-01	4.700400829315186e-01	
76.6	1.543418169021606e+00	6.278680562973022e-01	3.804656565189362e-01	2.770552039146423e-01	4.386865496635437e-01	
77.185	1.665932297706604e+00	6.747474074363708e-01	3.932275772094727e-01	2.729283273220062e-01	4.184623956680298e-01	
77.959	1.824647903442383e+00	7.455739378929138e-01	4.176215231418610e-01	2.769527435302734e-01	4.074698388576508e-01	
78.889	2.006787300109863e+00	8.415272235870361e-01	4.561413526535034e-01	2.938100397586823e-01	4.149369597434998e-01	
79.802	2.171798706054688e+00	9.440754652023315e-01	5.013742446899414e-01	3.208313286304474e-01	4.405919313430786e-01	
80.715	2.318696498870850e+00	1.051944136619568e+00	5.520243644714355e-01	3.564355075359344e-01	4.811888933181763e-01	
81.628	2.442027091979980e+00	1.161686897277832e+00	6.063597798347473e-01	3.992000520229340e-01	5.341801643371582e-01	
82.752	2.552061080932617e+00	1.292967319488525e+00	6.757437586784363e-01	4.597808718681335e-01	6.133248209953308e-01	
83.875	2.604522466659546e+00	1.410432219505310e+00	7.444642186164856e-01	5.267042517662048e-01	7.043330073356628e-01	
84.978	2.590956449508667e+00	1.500674486160278e+00	8.071553111076355e-01	5.955531001091003e-01	8.012027740478516e-01	
85.967	2.521389484405518e+00	1.551148295402527e+00	8.557562232017517e-01	6.571424603462219e-01	8.907975554466248e-01	
86.929	2.404437541961670e+00	1.565860152244568e+00	8.927822709083557e-01	7.139600515365601e-01	9.765764474868774e-01	
87.878	2.248376607894897e+00	1.543594241142273e+00	9.164280295372009e-01	7.639005780220032e-01	1.055706143379211e+00	
88.827	2.061357975006104e+00	1.484676361083984e+00	9.247909188270569e-01	8.045474886894226e-01	1.124984979629517e+00	
89.776	1.854485511779785e+00	1.392536759376526e+00	9.160154461860657e-01	8.325350880622864e-01	1.179677605628967e+00	
90.726	1.639744758605957e+00	1.273934721946716e+00	8.892194628715515e-01	8.445755839347839e-01	1.214944958686829e+00	
91.675	1.429684638977051e+00	1.138267755508423e+00	8.448644876480103e-01	8.377958536148071e-01	1.226193785667419e+00	
92.611	1.239736676216125e+00	9.983661174774170e-01	7.859675884246826e-01	8.107616305351257e-01	1.210051536560059e+00	
93.494	1.088109850883484e+00	8.707289695739746e-01	7.200823426246643e-01	7.664594054222107e-01	1.168128490447998e+00	
94.312	9.811279773712158e-01	7.636553645133972e-01	6.540642380714417e-01	7.105239629745483e-01	1.106391191482544e+00	
95.078	9.172348380088806e-01	6.779276132583618e-01	5.915446877479553e-01	6.476514935493469e-01	1.030441403388977e+00	
95.8	8.941891193389893e-01	6.133518218994141e-01	5.354228019714355e-01	5.826303362846375e-01	9.462681412696838e-01	
96.476	9.076029062271118e-01	5.688701272010803e-01	4.878926277160645e-01	5.202303528785706e-01	8.603704571723938e-01	
97.111	9.510995745658875e-01	5.419133305549622e-01	4.494554698467255e-01	4.634057879447937e-01	7.773485779762268e-01	
97.725	1.019431352615356e+00	5.297547578811646e-01	4.194287955760956e-01	4.130163490772247e-01	6.990295052528381e-01	
98.339	1.109642624855042e+00	5.308771729469299e-01	3.972456455230713e-01	3.692786991596222e-01	6.261996626853943e-01	
98.952	1.216350317001343e+00	5.444177389144897e-01	3.833060860633850e-01	3.337450921535492e-01	5.620154142379761e-01	
99.549	1.331130743026733e+00	5.684382319450378e-01	3.775389790534973e-01	3.076038956642151e-01	5.097707509994507e-01	
100	1.422195196151733e+00	5.929388999938965e-01	3.780471682548523e-01	2.934039533138275e-01	4.777458310127258e-01	
